C012(C002 C003 C008):(46 51 64 84 88 93 99)
C011(C006 C012):(1 6 7 8 13 28 29 32 39 55 79)
C010(C012):(2 3 5 7 8 13 30 32 39)
C009(C002 C007 C011 C012):(1 2 3 5 6 8 13 14 17 22 29 30 32 39 46 51 64 78 79 88 91 93 99)
C008(C012):(2 5 6 7 13 14 91)
C007(C012):(3 5 8 13 14 29 79 91)
C006(C012):(1 3 6 7 8 29 32 91)
C005(C012):(1 2 5 6 7 30 32 39 79)
C004(C011 C012):(1 2 3 6 7 8 13 17 22 32 39 79 95)
C003(C012):(1 6 7 8 29 30 39)
C002(C012):(2 3 6 13 30 79 91)
C001(C006 C007 C011 C012):(3 5 6 7 8 13 14 22 28 32 39 55 64 79 91 93 95)
